350 200
22 27 2 2

Coordinates
    1     -23.2848699     -13.6660172
    2       -19.36469     -13.6660172
    3     -24.4962721     -9.93770451
    4     -18.3350969     -9.21115545
    5       -15.44451     -13.6660172
    6     -25.7076743     -6.20939184
    7     -21.4137355     -5.29044301
    8     -13.0929995     -8.80870781
    9     -11.5243301     -13.6660172
   10     -26.9190766     -2.48107916
   11     -16.1983743     -3.89804297
   12     -19.9729794     -2.03744909
   13     -10.3129279     -9.93770451
   14     -23.7475844    -0.176855209
   15     -11.6647285     -4.34167304
   16     -16.8014872     0.266774863
   17     -9.10152565     -6.20939184
   18     -20.5760922      2.12736874
   19     -11.0616156    -0.176855209
   20     -14.2331078      2.12736874
   21     -7.89012343     -2.48107916
   22        -17.4046       4.4315927
EndCoordinates

Elements
1 22 18 16
2 6 3 7
3 5 9 8
4 21 19 15
5 14 6 7
6 1 2 3
7 13 17 8
8 13 8 9
9 20 22 16
10 20 16 19
11 18 14 12
12 3 4 7
13 10 6 14
14 2 5 4
15 17 21 15
16 17 15 8
17 16 18 12
18 16 12 11
19 15 19 11
20 12 14 7
21 4 5 8
22 4 8 11
23 16 11 19
24 2 4 3
25 11 12 7
26 15 11 8
27 7 4 11
EndElements

Dirichlet
3
5
EndDirichlet

Neumann
1
2
EndNeumann